10,2,0,7,64,61,72,37,74,2-1,42,20,74,61,0,59,2,19,0,25,12,0,2,69,1,57,0,43,61,6,16,1,34,53,14,68,8,63,66,2-0,46,0,37
32
14,69,12,75,50,44,70,27,2,40,26,2-45,15,54,15,16
67,63,40,72,51,5,15,23,18,17,16
43,49,0,1,24,0,66,0,18,0,55,15,68,65,59,62,2-0,58,36,0,53,2-57,10,0,11,0
75,37,18,69,1,0,60,0,28,24,1,72,37,0,30,4,0,1,4,0,32,7,38,0,29,4,29,38,1,36,15,0,56,22,0,60,61,10,63,3-0,2,15,48,2-1,45,3,31,4-0,65,38,66,2,20,0,43,3-0
8,3-0,56
64,0,37,44,53,0,30,29,0,34,23,2-52,55,62,64,1,60,55,0,74,49,70,25,64,0,37,68,20,24,32,2,15,2-0,71,20,23,2-0,57,36,50,51,73,45,7,3,31,0,60,26,0,45,18,73,36,3-0,44
56,0,44,0,2,0,38,0,21,0,54,14,44,56,0,75,0,67,12,5,0,16,0,24,8,62,27,0,12,0,43,13,69,23,1,0,75,0,2-10,0,28,5,63,0,19,67,3
16,51,49,55,3,0,32,34,1,33,70,59,45,37,23,0,1,38,66,63,46,49,10,28,0,38,6,48,36,46,37,58,1,0,29,55,45,57,24,0,12,56,54,46,53,41,1,35
52,0,64,0,27,6,51,0,10,12,43,22,12,0,58,4,62,0,72,0,30,0,55,15,24,22,0,73,32,4,60,0,14,3-0,5,24,61,0,16,0,3,69,17,26,12,58,14,0,3-1,0,20,3-0,9,21,70,0,70,1,2-0,54,74,24,19,67,0,1
51,49,0,68,21,75,20,0,54,1,2-0,32,46,62,68,20,0,54,2,22,65,61,62,4,6,7,21,7,28,32,7,0,75,38,3,8,0,62,0,8,4,21,0,46,34,0,5,12,0,75,0,25,0,12,3-0,24,15,36,75,39,14,0,47,21,67,63,33,34,1,58,7,0,72
56
31,14,68,30,0,1,54,73,5,2-0,46,25,0,71,7,0,75,47,6,26,0,71,0,12,24,27,40,0,43,68,74,0,25,0,4,20,51,74,1,4,2,60,0,58,65,2-0,20,0,73,0,1,48,72,16,27,37,3,46,20,14
66,56,18,0,43,56,1,51,73,41,35,32,20,47,14,71,52,19,4,0,51,18,10,15,28,2-0,18,39,72,29,35,2-0,45,2,30,41,42,62,0,4,19,55
36
52,33,0,15,25,0,59,50,2-0,47,0,60,67,61,0,55,0,66,0,68,2-0,31,28,60,2-0,4,0,74,47,0,1,50,2,44,0,3,27,50,0,34,74,32,0,52,11,60,62,26,65,2-0,28,4-0,33,28,59,30,0,2,1,67
0,64,0,53,2-0,4,52,7,2-0,1,2-30,7,10,32,0,20,13,35,0,21,19,40,0,6,68,0,36,16,9,0,13,2,0,4,0,65,0,21,43,75,0,62,67,4,3,4,0,65,51,62,18,44,2-0,26,49,44,67,2,42,4,2-34,4,5-0,43,49,47,2-0,2,4,0
40
9,19,0,3,17,1,44,42,0,21,15,0,52,2-0,71,19,2,5,0,46,19,64,42,20,44,0,17,30,0,60,28,35,75,3,0,2,0,50,42,2-0,49,54,0,45,53,0,73,56,14,6-0,25,0,13,72,2-0,35,0,70,36
48
32,0,52,53,1,23,0,47,74,28,0,3,62,59,33,19,29,62,31,33,24,0,29,2-4,28,4,7,15,8,62,54,0,44,24,10,30,0,18,17,2-0,28,2-71
63,61,67,11,68,27,36,3,26,30,41,47,33,61,69,5,2,5,63,0,39,1,25,33,22,2-0,9
68,69,1,14,0,12,63,7,48,19,0,5,60,57,29,4,24,52,22,68,39,0,60,42,4,58,32,8,57,9,63,54,0,46,38,4,31,28,0,17,32,1,68,2-0,2-75,26,8,0
55,64,23,67,0,13,28,32,6,44,2,70,18,63,55,57,4,51,0,55,50,42,5,0,32,62,45,32,10,4,60,2-0,1,61,2,20,4
56,25,2-1,0,50,44,0,38,1,67,13,44,2-0,45,40,0,5,41,28,66,59,27,70,9,0,45,13,26,9,0,70,46,43,14,4,2-0,51,1,0,72,0,21,0,6,35,72,31,38,27,74,75,7,0,44
59,37,0,57,75,28,20,0,15,0,58,27,20,31,0,27,59,6,75,2,12,0,52,51,0,49,52,2-63,0,66,2-25,6,27,6,60,61,2-0,38,44,20,16,49,23,2-0,8
9,68,25,0,1,69,20,58,40,37,0,63,75,54,0,51,0,9,46,44,13,0,27,48,1,45,12,46,34,1,44,3-0,72,1,12,0,34,47,0,68,29,68
25,68,56,50,22,3,4,61,60,57,1,11,39,0,3,15,0,34,0,41,4,24,1,0,22,21,0,36,75,0,36,29,39,47,27,1,64,2,1,3-0,2-1,2-0,9,0,3,48,71,10,71,0,49,30
48
71,33,0,65,49,73,7,39,11,39,35,40,31,0,7,42,12,0,13,33,2,67,7,2,12,52,6,22,3,0
4,72,68,22,2-0,14,9,25,51,5,9,57,12,13,1,0,66,11,40,2-46,0,8,5,60,21,53,9,57,23,0,75,0,32,28,68
34,57,0,56,50,0,73,0,24,19,48,23,32,4,74,57,3,6,53,0,53,58,2,0,47,56,10
63,25,0,57,1,0,45,23,0,29,17,0,32,0,20,59,47,0,5,2,9,0,4,0,20,23,4,29,1,3,0,43,16,74,1,3,36,0,33,75,0,1,8,0,9,0
36
24,75,60,2-0,24,20,23,3-0,66,51,13,63,0,1,35,43,45,0,23,45,1,59,10,69,0,53,23,40,37,39,75,1,0,50,2-0,39,40,1,69,50,38,0
51,32,45,23,71,15,34,66,28,56,39,0,50,29,8,1,7,1,59,69,6,50,13
67,37,0,61,67,30,54,24,54,21,3,25,9,52,0,32,72,0,12,53,49,8,0,17,73,5,10,53,17,2,20,26,3,31,53,4,20,0,48,0,23,14,4,61,0,19,0
71,25,42,2,16,0,1,34,24,41,28,12,7,71,31,0,73,48,55,39,71,45,62,1,2,10,44,0,34,64,71,72,1,28,21,40,75,0,23,1,23,8,17,22,18,1,0,12,61,13,4,28,14,26,37,8,35,0,69,1,8,43,62,27,3,2-0,20,0,25,7,0,7,19
63,37,27,0,54,3,45,0,39,34,57,22,51,20,2-0,53,1,36,42,0,19,38,12,44,37,2-63,0,47,37,71,34,68,36,37,14,18,10,39,14,57,56,0,5,74,0,62,45,0,68,2-0,31,32,53,68,33,13,35,2,9,32,2-0,6,7,65,70,2,11,0,12,5,0,14,10,65,20
21,0,59,44,38,18,67,24,2-0,62,56,59,60,29,62,5,4,23,75,70,67,17,1,36,68,58,42,8,9,69,43,2-0,66,25,23,43,26,39,70,9,55,2-0,62,1,0,2,75,1,5,53,61,21,6,38,0,2-8,44,37,52,0,11,48,24,68,71,73,45,12,68,8
68,3,75,14,2-0,31,59,71,1,31,18,22,0,49,20,0,14,25,0,74,22,0,9,29,0,48,37,59,0,7,45,1,0,55,0,20,12,38,21,35,44,4,0,65,23,52,0,40,47,12,54,38,0,20,25,1,0,13,22,0,12,14,47,52,26,10,15,0,70,31,27,0,73,11,12,6,13,60
48
67,29,3-0,57
18,45,2-62,68,58,71,18,29,1,45
24,32,64,1,61
35,13,70,18,21,6,11,74,6,35,30,11,51,68,38,63,7,73,53,30,0,36,35,51,44,24,5,25,15,25,2-0,45,32,0,25,4,0,28,32,23,0,60,2-53,1,55,22,73,21,2,52,12,23,24,0,1,15,3,0,4,7,0,60,17,0,39,57,40,3-0,8,12,13,2-0,62,75
39,26,29,47,60,10,71,15,38,40,0,40,42,5,26,0,34,41,4,75,2-0,9,8,44,52,3,39,0,1,4,5,2-0,27,62,17,68,66,19,64,1,36,1,69,2,24,52,1,40,54,49,26,42,3,15,1,41,35,2,2-45,63,20,12,3,23,24,1,12,73,0,15
0,68,45,59,4,3,20,74,60,7,0,31,68,42,60,64,69,10,45,21,48,18,24,4,68,13,53,3
56,0,63,26,2,1,28,2-0,22,45,2-1,57,60,32,20,50,41,22,67,49,12,33,64,61,0,66,53,65,2,0,75,0,64,65,37,66,59,17,37,2,62,63,56,48,70,63,8,0,5,9,0,36,59,29,7,0,8,39
40,47,60,2-0,2,69,4-0,18,69,30,48,2,4,17,26,63,2-0,14,2,60,0,62,55,46,7,2-0,69,13,0,59,63,2-0,1,16,1,36,0,60,0,1,0,20,0,53,16,22,1,35,2-0,47,43,4,53,46,2-0,52,1,14,0,70,22,0,2,8
60,0,67,30,2-0,20,4,73,41,38,0,63,17,10,0,47,0,12,20,0,50,1,16,32,3-0,25
67,29,61,41,46,23,11,1,0,5,8,2,10,33,2-0,20,11,74,54,67,7,0,64,6,35,0,68,22,32
71,53,34,0,65,41,49,73,71,2-0,1,49,74,62,40,29,71,16,12,1,3,37,60,11,37,31,1,27,36,28,60,61,32,8,52,8,4,22,0,26,40,1,9,37,23,25,5,26,22,54,0,57,22,54,38,60,0,70,1,0,43,30,62,27
52,2-0,44,1,0,58,9,13,1,45,1,0,34,57,51,62,7,1,70,75,2,49,1,27,58,49,71,8,16,74,72,50,73,22,74,35,0,58,13,2
68,0,28,0,54,62,25,67,35,70,33,0,29,20,31,54,3,64,5,8,16,75,3,38,55,46,0,2,51,12,11,71,35,2,23,13
43,37,52,0,2-1,36,71,28,8,42,4,16,0,14,37,26,61,28,71,31,0,52,43,52,9,32,30,61,0,28,29,54,47,41,4,42,0,32,0,27,40,52,66,56,54,2,0,24,28,27,5,0,68,0,5
8,3-0,56
33,52,53,30,68,26,34,15,5,73,0,21,2,55,71,54,2,1,4,40,74,2-0,2,69,23,0,22,43,63,44,37,1,41,0,60,32,50,0,36,64,53,45,43,19,2,43,57,1,21,0,15,65,4,10,71,2-0,15,19,57,0,58,49,55
73,0,46,0,54,0,20,0,17,0,58,66,28,2-0,22,0,21,44,2-0,25,0,54,49,36,46,0,1,2,52,53,43,3-0,48,0,62,0,22,0,30,2-0,46,71,0,14,68,62,0,2,0,20,53,22,23,3,0,75,67,31,32,0
59,57,75,27,2,1,4,0,43,0,23,44,54,62,17,1,18,34,3,27,21,1,45,20,2,0,8,0,47,54,32,43,34,51,0,12,2-41,0,27,35,28,61,22,0,25,0,48,29,0,62,1,46,19,5,37,70,8,0,62,45,23,5,15,2-0,55,64,32,73
9,35,19,3-0,67,3-0,8,0,20,0,59,64,22,21,75,2-0,11,75,74,45,0,16,0,7,13,42,0,20,31,2-0,6,16,6,65,3-1,2-0,75,20,55
60,2-0,9,2-0,74,0,18,13,2-0,52,2-0,25,42,0,52,2-0,43,20,0,64,9,34,0,67,0,13,0,69,15,54,26,5,33,21,2-0,2,32,44,15,34,2-1,20,21,1,3-0,32,0,5,0,20,5,12,3-0
55,17,4-0,51,15,53,66,21,3-0,54,10,2-0,4,75,3-0,73,67,0,53,48,55,46,4,2-0,50,0,45,10,9,35,3-0,4,0,2-69,8,0,8,0,9,30,22,1,4,0,44,24,59,34,8,7,10,0,26,1,2,2-0,59
29,74,45,2,1,0,20,36,0,44,0,23,4,23,0,51,0,14,55,0,6,0,37,9,4,58,0,58,0,15,44,49,42,0,52,1,4,48,22,0,2,4,68,51,0,44,2,0,8,21,3,2-0,49,39,18,1,37,18,3,36,0,61,41,49,1,15,0,14,0,14,72,60,0,63,30
23,0,37,0,51,68,36,3-0,19,0,4,49,2-0,1,68,4,60,22,54,2-0,60,5,60,0,36,2-0,3,64,1,37,0,3,2-0,73,2-0,47,25,57,51,2-0,10,49,0,68,0,11,69,70,3-0,67,8,5,61,0,29,3,21,16,2-0,5,14,2
63,25,4-0,28,0,23,0,56,0,8,33,0,59,2-0,7,44,2-0,56,0,73,2-0,7,63,5,1,2-0,8,42,9,39,0,71,64,56,0,15,20,2-0,46,0,7,0,49,2-0,46,36,28,21,56,1,0,35,73,46,0,1,0,8,56,11,0,2,0,53,9,1,0
27,69,2-0,60,58,39,61,11,35,0,21,32,40,69,41,2-0,9,5,54,60,16,34,12,11,40,59,37,0,6,41,9,2,7,58,47,3,69,3,4,0,28,0,9,1,2-0,27,52,1,2-0,13,60,49,39,2-46,0,2-1,2,5,11,1,14,40,3-0,28,5
67,9,69,0,62,0,18,2-0,6,36,61,7,33,9,48,6,0,52,54,59,2,29,0,53,2-0,55,62,0,11,70,15,0,15,75,34,0,49,32,60,46,32
51,41,68,2-0,2,53
48
50,57,64,12,31,17,13,1,3,53,54,24,47,43,33,2,53,46,14,0,21,1,62,1,53,6
28,67,45,2-0,56,65,69,0,40,34,63,1,13,66,30,45,67,66,61,9,56,64,70,32,30,50,25,10,3,70,4,73,2-26,1,72
75,58,72,70,67,21,52,2-0,51
20,0,59,1,0,57,16,49,28,23,43,2,55,3,62,37,65,30,69,51,53,66,72,45,25,14,12,67,0,1,20,32,12,43,3,71,37,39,38
24,69,1,31,48,22,61,22,65,2,70,32,12,22,31,2,53,1,0,38,44
63,25,65,74,2,70,67,65,41,40,7,1,56,8,29,0,58
24,69,3,75,3,32,6,49,46,35,53,51,18,24,23,70,64,22,12,15,29,1,7,61,6,27,23,33,8,4,60,45
75,17,4-0,28,36,10,18,68,59,75,16,24,16,14,1,12,75,32,75,38,2,8,54,23,2,14,26,45,43,14,26,46,0,1,57,13,66
8,3-0,45,60,9,30,63,60,51,65,12,15,20,24,3,39,71,3,0,69,51,2,38
39,44,2-0,74,60,24,3,75,73,13,39,32,71,6,3,2,11,70,6,0,45
20,59,41,2,53,61,22,47,53,18,7,15,16,45,61,25,3,69,61,22,35,0,1,0,53
39,44,0,4,7,50,74,71,41,0,38,16,14,13,1,57,50,3,31,0,25,32,2,12
16,34,39,2,0,66,6,26,2-45,43,1,42,41,20,8,6,46,4,5,9,58,0,2,20,1,27,61,30,4
24,63,1,48,0,69,52,54,8,41,2,48,10,35,25,11,0,37,0,4,10,1,12,2,4,23
27,41,65,19,10,41,70,40,0,36,22,0,7,50,7,0,51,7,75,0,43,14,19,51,2,0,36,1,0,60,71,41,3,7,10,63
40
62,52,15,68,0,43,14,23,4,51,59,37,25,32,19,51,0,70,16,13,5,14,2-0,20,75,2-2,71,0,75,5,0,11,72,2,46,0,57,3,0,40,8,11,0,57
44,53,50,30,35,53,2-40,75,49,2,31,43,39,1,22,52,2,52,34,13,33,2-37,4,42,0,73,0,75,28,21,5,29,3,1,13,15,14,43,3,0,28,71,4,74,63,2,3,50,68,2,12,53,73,13,8,1,74,9,30,29,34,0,1
13,31,19,8,39,60,6,53,38,67,0,5,35,7,30,10
60,67,30,38,50,9,43,39,74,4,34,26,75,5,1,0,40
48,25,75,1,6,47,67,51,0,62,37,52,10,35,28,20,2,1,29,4-0,65,27,16,8,24,45,58,23,22,42,18,4,28,29,68,1,62,1,58,37
44,51,54,2,68,0,60,64,25,16,1,65,34,10,45,62,1,69,28,1,5,60,30,5,17,69,63,15,65,33,14,17,15,2,11,2,20,5,14,22,2-0,28,0,22
67,10,29,14,15,3,12,63,37,2-1,0,38,0,74,0,25
