57,46,69,45,75,20,63,19,24,0,66,16,29,0,28,6,0,2,55,57,34,69,1,1,11,12,49,55,7,3,75,61,0,59,15,1,50,55,0,0,37,0,54,30,0
75
35,33,75,46,0,72,56,46,16,1,20,3,2,34,3,5,37
31,20,69,67,51,4,73,20,61,2,21
15,32,20,1,37,0,50,50,0,64,61,1,17,33,18,35,11,0,18,0,10,9,8,12,52,52,43,0
34,33,3,72,46,0,4,0,0,72,60,73,6,0,10,0,71,0,1,0,50,9,20,19,1,49,70,15,0,0,56,63,0,0,5,6,8,46,55,11,15,47,41,41,43,56,37,44,4,1,59,1,3,0,35,44,0,0,36,72,8,0,0,2
53,0,0,0,36
69,17,0,30,26,0,53,0,71,0,62,23,66,32,0,60,0,32,69,9,21,0,0,0,53,0,24,38,72,41,14,50,1,0,67,32,0,50,20,43,74,0,24,0,0,11,3,6,1,57,2,9,47,1,62,60,0,16,50,37,2
71,0,29,0,54,67,67,0,15,0,27,1,74,0,44,0,75,1,36,0,0,66,0,61,0,34,0,30,0,43,2,49,0,66,0,18,0,5,44,75,69,0,8,7,12,0,2,0
10,4,21,0,37,50,18,20,17,0,1,51,21,6,0,0,69,44,72,67,51,3,71,4,18,55,0,67,70,55,4,24,19,43,58,52,47,55,42,0,66,58,75,15,0,67,0,24
33,4,27,0,73,24,0,18,13,0,41,0,6,12,34,5,48,0,64,73,25,10,0,3,51,3,65,0,0,0,24,29,10,0,42,60,50,60,19,21,2,0,3,28,0,24,40,7,56,57,19,8,1,12,33,68,34,0,69,17,0,71,9,30,56,23,0,7,0,0,0,0,72
47,0,12,46,53,8,0,2,71,0,67,62,32,5,0,35,70,20,35,16,0,57,53,52,75,0,51,35,1,53,0,0,0,0,29,4,20,0,26,58,34,73,32,7,0,1,7,5,24,70,32,0,12,0,8,27,0,8,1,53,22,15,0,61,67,22,4,60,1,11,18,0,72,0,0,0
51
24,56,53,34,0,2,16,0,0,28,12,26,42,0,0,7,20,0,52,35,0,48,0,50,26,53,0,28,34,74,64,14,0,43,64,0,2,21,0,74,0,58,8,75,1,40,68,0,75,26,0,43,47,63,24,49,46,29,0,0,72,0
66,45,19,22,19,0,47,21,1,10,0,11,8,72,34,0,49,74,62,74,0,23,23,34,70,0,1,72,51,0,8,48,22,61,0,0,40,57,18,58,55,4,0,0
59
44,25,0,48,22,0,24,5,22,66,0,0,39,0,13,0,0,57,8,0,26,0,0,38,24,3,0,13,12,0,34,0,0,24,0,69,64,53,1,24,0,5,0,27,12,6,26,39,10,2,6,0,37,13,8,59,2,24,14,0,21,0,0,0,0,0,14
75,0,24,0,67,0,51,41,1,0,26,0,0,14,1,50,1,60,14,12,54,22,74,0,73,4,0,35,21,2,41,18,70,0,0,71,10,35,0,20,55,71,14,0,15,0,0,44,24,0,0,2,0,43,40,41,34,48,37,50,73,62,62,1,0,12,36,24,31,3,25,20,25,63,0,0,0,0,24,0
47
48,66,0,52,75,0,51,5,0,69,0,59,7,48,0,28,2,50,72,0,72,43,46,0,62,34,0,18,1,57,2,1,0,16,0,24,14,34,56,0,1,0,57,32,10,0,21,10,49,0,47,66,0,7,73,66,2,0,17,0,40,0,0,0,0,68,56
75
16,65,0,47,28,10,3,0,49,38,66,1,9,0,0,57,58,56,34,61,67,5,66,13,8,37,58,12,1,0,20,35,0,35,43,69,16,7,0,0,0,0,38,0,72
25,49,10,0,51,58,74,40,0,0,18,57,2,0,0,0,19,13,32,33,65,27,15,50,75,31,37,75
15,33,50,0,19,8,20,75,0,0,29,65,65,21,14,9,68,22,21,12,0,1,16,44,4,0,22,34,54,6,26,39,31,0,0,0,37,72,0,40,0,65,75,75,0,44,0,0,67,43
75,37,25,0,67,39,70,72,43,2,75,73,20,71,28,13,73,74,14,39,27,54,74,1,2,47,0,0,0,47,44,60,14,35,0,0,35,44
19,58,0,38,67,0,32,0,34,0,55,8,24,6,11,40,1,27,12,0,45,38,43,63,27,63,12,10,74,72,26,71,0,1,57,42,23,26,0,44,73,71,1,17,1,0,8,12,40,0,0,18,1,0,7,37,48
53,0,0,5,46,1,1,39,0,46,0,3,8,61,45,32,14,46,28,7,65,0,5,3,56,68,0,0,0,62,44,44,9,0,35,0,40,0,10,36,53,56,66,61,34,56,27,0,37
14,75,0,33,0,6,15,20,0,65,52,2,46,22,19,47,41,24,31,54,0,26,0,45,60,41,0,26,48,29,12,3,15,0,0,0,72,4,0,35,2,69,57,51
39,55,52,7,0,39,44,8,0,25,60,0,47,56,11,67,44,75,4,0,51,0,50,1,52,0,6,53,0,1,38,6,0,32,0,66,50,0,70,1,69,7,61,34,0,0,0,37,12,27,12,72,34,0,72,0
73
40,17,60,1,6,0,68,73,67,4,29,0,34,41,24,57,2,18,5,5,6,27,2,2,8,6,11,23,3,0
43,9,74,9,1,0,38,62,0,2,1,56,62,12,31,52,51,74,71,0,9,50,59,56,72,0,27,54,17,73,60,0,0,57,27,58,40
12,24,0,40,47,69,2,73,1,1,0,16,65,0,11,53,31,3,14,0,0,38,1,37,21,0,73
11,62,0,2,0,27,27,70,0,20,0,0,37,29,0,72,1,0,49,0,75,0,1,0,66,23,0,25,0,8,14,68,0,24,38,37,1,0,17,72,9,1,15,0,0,72
31
68,51,39,0,0,2,65,6,0,56,65,0,3,49,29,0,0,74,48,0,0,42,0,0,46,54,0,67,48,1,12,0,15,35,24,3,59,0,52,58,9,0,3,0,0,20
22,19,58,19,25,71,58,58,42,36,21,61,1,0,29,1,0,20,57,46,9,8,40
66,8,26,16,51,1,27,44,0,37,18,9,72,1,73,31,0,37,72,67,6,73,20,1,14,23,52,36,62,4,8,0,66,0,18,16,6,20,1,9,48,0,75,73,0,74,0
59,75,34,72,1,4,1,31,60,64,50,11,2,5,9,13,0,54,41,34,64,33,1,21,26,41,0,52,35,38,19,11,1,35,57,28,6,46,48,6,45,1,75,21,0,0,55,59,14,16,62,12,15,0,30,73,10,28,27,60,3,52,0,0,0,53,15,18,70,52,14,0,34,62
3,0,0,16,12,26,68,52,40,0,42,32,73,0,68,19,72,0,53,52,17,0,31,4,13,2,3,51,41,48,64,0,4,1,4,24,30,72,15,37,14,0,52,5,73,0,42,0,26,14,0,1,2,67,38,39,0,0,22,40,24,51,31,24,13,28,48,0,0,49,1,19,56,42,52,45,25,25,72
40,75,72,75,54,4,56,0,0,46,1,39,0,0,19,13,2,0,66,74,66,74,43,3,44,69,1,62,62,38,38,50,42,49,0,63,67,73,6,10,26,11,63,0,10,1,7,21,29,5,66,67,0,0,34,19,2,41,8,64,11,28,0,0,0,0,3,39,1,71,0,0,53,4
47,0,63,60,5,0,33,70,61,38,25,19,54,0,57,13,18,4,24,0,42,1,34,0,12,63,0,62,2,0,30,29,10,52,43,56,24,27,62,0,32,1,24,52,0,18,2,0,33,0,15,41,10,72,41,25,64,52,0,73,74,47,1,19,27,42,65,0,0,0,0,75,20,31,25,0,25,62,73
63
19,74,1,0,0,52
55,62,39,75,55,5,7,1,72,21,0
3,49,17,2,63
39,34,38,0,0,44,9,0,71,51,69,63,31,6,10,64,68,1,43,44,7,62,64,0,57,29,12,11,0,0,26,0,27,38,2,1,21,7,13,58,0,65,64,5,70,0,65,61,64,58,65,2,38,40,73,7,50,52,37,0,28,66,0,43,47,2,30,4,65,17,0,0,55,31,28,0,30,42,34
33,17,7,6,60,3,16,0,45,1,44,0,2,0,0,13,31,48,45,66,4,10,66,0,62,0,0,65,0,23,57,0,10,33,67,46,72,69,4,0,0,44,4,1,57,7,5,5,24,4,21,16,21,2,9,24,34,13,41,1,0,0,70,62,23,3,45,46,16,26,1,22,29
27,69,0,57,2,42,72,15,11,41,31,9,61,36,3,75,0,11,60,10,4,12,40,3,14,55,2,64
32,33,41,15,48,4,17,0,0,0,27,0,42,49,15,7,2,49,12,16,54,22,58,0,74,40,39,36,50,46,8,5,39,11,33,1,7,16,17,55,21,6,2,0,0,22,27,69,16,0,72,1,42,12,16,61,51,41,3,0
61,0,0,0,22,26,74,0,0,0,0,50,16,0,31,64,0,0,62,3,42,7,19,23,4,56,4,0,15,0,24,6,0,5,1,1,2,22,1,0,0,71,9,0,49,0,0,65,55,0,0,56,39,4,19,50,40,0,0,14,57,42,60,61,44,4,14,0,26,0,0,0,13
67,21,1,1,54,0,71,34,0,53,29,11,2,4,37,0,71,0,42,0,0,70,2,4,1,9,0,0,42
61,74,34,28,5,25,21,9,1,1,19,29,48,3,29,0,56,7,25,8,8,0,1,15,3,51,65,0,14,54
8,61,26,1,69,45,43,43,39,1,67,1,30,51,25,2,39,36,14,72,20,53,51,17,5,63,55,58,10,57,5,25,5,18,14,5,59,1,67,38,23,31,16,58,16,0,16,13,14,0,57,65,56,3,41,3,1,5,40,51,39,69,58,64,0
15,0,66,1,52,30,14,24,14,2,0,36,3,0,0,32,72,35,43,38,74,40,50,65,19,1,68,73,28,31,1,0,24,47,67,37,20,0,64,46,2
61,74,29,15,48,4,5,69,13,46,0,6,37,48,50,20,3,0,35,17,32,19,2,0,11,18,67,60,58,0,26,9,64,49,7,1
12,11,0,52,24,0,8,4,1,1,54,57,8,10,25,0,2,2,12,0,11,33,6,52,75,5,0,32,36,25,74,66,18,0,1,65,43,0,4,19,28,42,2,0,60,37,0,0,68,37,74,13,0,25,9,6
19,0,0,0,51
27,0,47,46,43,69,16,37,36,0,55,18,55,40,0,18,1,73,8,41,10,0,32,32,5,74,2,9,31,3,0,48,10,14,6,4,64,0,60,65,34,67,4,59,59,58,40,32,45,68,20,0,38,30,29,16,60,62,1,1,59,44,25,57,3
49,9,75,2,2,9,4,0,0,44,0,0,8,10,0,10,0,38,67,15,39,41,0,39,32,3,0,74,0,0,56,7,0,67,0,55,47,0,20,21,0,1,29,27,1,0,5,32,8,0,11,11,38,0,1,0,0,0,0,0,4,5,0,64,0
19,39,38,35,75,0,7,6,0,62,44,68,33,1,0,19,0,0,72,67,0,55,65,66,19,42,54,9,9,57,21,14,6,42,9,2,66,0,7,9,74,31,30,0,17,20,71,0,36,0,27,0,0,0,73,72,0,70,5,1,4,29,59,26,19,63,0,57,0,33
23,73,19,6,0,0,6,0,0,0,0,0,62,0,0,0,57,5,52,42,27,45,63,4,56,53,41,0,0,0,5,66,0,33,0,34,34,4,40,18,0,2,48,0,26,49,2,50
27,47,69,0,43,20,12,69,0,1,0,1,9,0,0,1,0,0,14,0,8,51,0,6,20,0,59,0,39,0,27,5,26,0,7,69,8,0,0,0,11,39,14,0,0,0,67,0,35,2,33,4,1,38,34,9,1,0,0,17,27,0,18,0
23,16,0,35,0,0,8,0,0,38,49,1,44,6,26,0,1,8,18,0,62,42,12,0,0,0,14,7,13,51,16,0,0,46,0,0,0,24,0,0,0,24,37,0,71,0,0,0,27,5,56,16,25,1,16,59,74,0,0,2,11,16,0,73,0,17,33,0,0,0
65,30,1,6,61,0,29,0,21,0,0,66,69,66,16,50,0,3,69,4,27,0,73,0,47,0,29,0,26,53,2,22,0,25,0,2,4,62,0,10,73,14,8,11,39,0,1,15,20,3,0,0,2,3,27,0,5,37,16,2,26,0,0,0,28,0,49,0,59,52,4,0,17,47,38,0
20,0,0,24,0,0,9,60,0,5,0,61,72,0,66,0,73,0,32,35,35,70,1,19,23,0,0,24,0,45,41,0,27,1,26,0,16,0,65,43,0,68,57,18,4,64,0,0,2,42,0,64,0,0,11,47,11,0,58,1,8,25,32,0,0,16,63,0,65,0,0,0,2
34,26,0,0,45,0,64,0,10,58,66,13,46,0,13,0,67,0,26,0,0,8,55,12,64,5,58,54,0,0,10,0,9,45,0,1,16,0,0,0,18,0,16,56,45,73,0,3,42,41,0,0,0,0,27,0,63,0,40,0,37,0,0,31,0,0,67,66,14,38,0,0,26,2,0,4
74,64,31,39,0,0,75,45,19,31,1,0,45,0,0,21,37,2,16,5,73,60,18,61,10,0,0,26,54,40,29,15,0,52,53,0,0,0,52,55,16,59,71,5,12,0,1,51,43,43,0,5,34,67,35,0,51,0,0,5,73,42,45,48,38,0,50,23,18,49,52,0,69
27,47,42,19,69,1,33,37,0,1,60,0,31,0,57,2,0,0,0,50,74,58,0,3,52,0,63,7,38,23,15,51,0,71,14,15,59,0,0,36,11,0,72
45,35,0,1,0,0,69
69
73,28,62,0,28,25,74,4,49,75,66,53,32,4,72,3,19,4,3,61,6,5,28,69,19,31
27,24,40,0,17,47,44,52,52,44,55,69,13,53,69,57,2,0,32,22,64,0,67,1,41,52,69,2,72,17,42,62,55,52,2,8,48
27,40,69,34,20,65,9,0,0,51
6,19,0,0,41,38,0,55,7,55,34,75,25,26,68,33,48,30,11,4,60,6,22,7,18,20,21,44,2,28,8,0,23,54,72,19,11,16,0
55,17,36,29,27,0,22,25,43,40,20,55,15,32,68,61,1,0,47,63,6
18,20,71,46,54,67,26,41,69,1,44,1,23,48,4,0,4
43,66,35,18,65,1,24,63,1,26,51,30,27,55,26,68,11,27,62,52,51,43,1,59,2,58,57,4,0,16,40,1
50,8,63,62,30,3,14,0,29,7,69,18,27,7,9,0,7,1,49,64,0,39,16,62,63,2,68,1,3,60,18,53,45,4,20,4,37,21,0,60
19,4,1,24,1,0,72,32,60,3,44,34,46,32,48,1,2,75,66,22,6,0,35,29,71
15,4,52,66,35,4,23,66,41,46,19,58,24,0,0,23,1,62,66,30,3,9
65,30,18,69,22,41,5,25,30,5,3,27,73,50,60,1,10,0,3,2,0,32,65,38,74
14,27,0,0,0,0,10,42,67,73,75,12,50,41,50,1,14,43,14,46,55,18,0,59
73,22,67,39,5,1,10,39,9,62,8,17,53,0,53,14,69,7,56,63,1,59,43,2,0,61,1,22,1,12
6,0,64,0,16,45,28,2,29,64,45,0,65,29,32,56,32,0,0,75,1,48,42,0,34,38
13,1,1,23,23,64,8,17,46,37,11,64,43,42,69,47,0,0,6,6,63,8,3,43,3,18,12,41,0,63,62,15,31,30,10,30
63
75,4,65,17,64,31,74,41,1,19,52,0,54,4,0,61,54,6,57,66,0,1,0,56,0,44,37,56,0,30,1,0,62,1,1,0,36,6,34,3,14,3,48,6,50,0
32,13,29,39,74,32,44,25,56,74,1,61,73,47,2,2,43,5,49,50,74,46,12,13,16,61,50,2,50,3,69,43,6,13,1,32,52,45,9,4,11,0,13,23,1,14,17,30,11,11,0,33,47,3,0,0,11,57,65,37,31,66,6,60,2
48,42,39,46,1,14,1,27,25,54,0,14,23,73,10,48
36,29,25,15,30,2,55,17,51,31,49,48,45,3,1,1,53
5,18,0,8,0,5,18,48,27,49,36,0,65,74,39,2,23,40,4,15,52,1,19,1,26,9,22,6,59,22,34,0,0,0,0,20,66,70,5,1,15,8,7
29,21,66,0,0,41,52,30,19,1,72,2,8,0,67,5,8,23,12,12,36,67,3,9,56,45,0,60,37,6,1,42,43,1,33,1,42,68,42,2,0,0,26,0,48
38,73,1,43,24,57,15,24,8,0,6,12,12,9,0,6,16
